ddfx 0 1
  -1.6853e-01   5.7056e-15
  -1.3818e-01   8.4444e-12
   7.3897e-02   4.9455e-09
   3.2779e-02   1.1304e-06
   3.1349e-03   9.8544e-05
   9.8544e-05   3.1349e-03
   1.1304e-06   3.2779e-02
   4.9455e-09   7.3897e-02
   8.4444e-12  -1.3818e-01
   5.7056e-15  -1.6853e-01

dfx 0 1
  -2.4802e-01  -8.5540e-16
   1.2137e-01  -1.4411e-12
   1.0591e-01  -9.8001e-10
   1.9487e-02  -2.6737e-07
   1.2250e-03  -2.8972e-05
   2.8972e-05  -1.2250e-03
   2.6737e-07  -1.9487e-02
   9.8001e-10  -1.0591e-01
   1.4411e-12  -1.2137e-01
   8.5540e-16   2.4802e-01

fx 0 1
   5.4665e-01   1.2680e-16
   3.5050e-01   2.4235e-13
   9.2390e-02   1.9043e-10
   1.0012e-02   6.1517e-08
   4.4606e-04   8.1698e-06
   8.1698e-06   4.4606e-04
   6.1517e-08   1.0012e-02
   1.9043e-10   9.2390e-02
   2.4235e-13   3.5050e-01
   1.2680e-16   5.4665e-01

Command to compile
g++ -o main main.cpp dmp.cpp canclock.cpp regressor.cpp -larmadillo

P matrix
   1.9893e-03  -2.7844e-04   1.5755e-03  -1.2650e-04   1.0565e-03  -5.8552e-05   6.1943e-04  -1.0649e-04   2.5754e-04  -2.2875e-04
  -2.7844e-04   2.7957e-04  -2.2233e-04   3.4259e-04  -1.1112e-04   3.1903e-04  -4.4696e-05   2.8826e-04  -3.3226e-05   2.5754e-04
   1.5755e-03  -2.2233e-04   1.5397e-03  -1.0029e-04   1.1562e-03   1.3334e-05   7.1101e-04   5.7570e-06   2.8826e-04  -1.0649e-04
  -1.2650e-04   3.4259e-04  -1.0029e-04   7.2206e-04  -6.1109e-05   7.7172e-04  -9.3217e-06   7.1101e-04  -4.4696e-05   6.1943e-04
   1.0565e-03  -1.1112e-04   1.1562e-03  -6.1109e-05   1.1256e-03  -1.7844e-05   7.7172e-04   1.3334e-05   3.1903e-04  -5.8552e-05
  -5.8552e-05   3.1903e-04   1.3334e-05   7.7172e-04  -1.7844e-05   1.1256e-03  -6.1109e-05   1.1562e-03  -1.1112e-04   1.0565e-03
   6.1943e-04  -4.4696e-05   7.1101e-04  -9.3217e-06   7.7172e-04  -6.1109e-05   7.2206e-04  -1.0029e-04   3.4259e-04  -1.2650e-04
  -1.0649e-04   2.8826e-04   5.7570e-06   7.1101e-04   1.3334e-05   1.1562e-03  -1.0029e-04   1.5397e-03  -2.2233e-04   1.5755e-03
   2.5754e-04  -3.3226e-05   2.8826e-04  -4.4696e-05   3.1903e-04  -1.1112e-04   3.4259e-04  -2.2233e-04   2.7957e-04  -2.7844e-04
  -2.2875e-04   2.5754e-04  -1.0649e-04   6.1943e-04  -5.8552e-05   1.0565e-03  -1.2650e-04   1.5755e-03  -2.7844e-04   1.9893e-03
